50 50
5.38205 7.43163 6.36783 0.92576 4.3323 4.82107 5.53111 3.29285 2.26314 3.11602 8.59329 2.91378 9.95912 1.13274 9.95298 9.03662 7.50232 0.521674 9.78167 8.06693 9.24018 4.67823 8.35348 2.73731 9.79752 9.37826 0.782409 4.18925 8.91509 1.67104 1.63657 4.29714 9.10267 8.0044 5.2229 3.43497 2.82547 0.754011 6.72782 5.08861 3.87003 5.32111 8.00239 3.82915 6.45385 7.95537 2.86577 3.95617 8.47705 2.64745 
2.0231 7.71723 7.32568 0.376578 0.454541 7.1232 9.75484 1.23695 1.31244 8.66993 2.90799 2.94901 2.96707 2.01067 0.953408 8.18996 5.44564 3.77888 8.94397 2.17346 8.86749 2.81401 7.49457 6.86988 6.64316 3.94842 4.82525 9.50893 7.90458 3.3023 2.15638 9.92768 1.01953 9.48206 0.304262 1.47407 6.60526 0.0591033 2.71102 7.9177 8.72903 5.61902 0.866714 1.6961 7.62968 1.82012 9.88606 3.07532 5.599 8.83004 
5.24878 4.46649 1.64405 2.74335 1.33637 8.28721 6.69177 6.16163 7.79615 4.59635 9.46393 9.95253 4.52404 0.48346 9.43459 4.8283 1.95753 6.03984 4.8874 4.66855 3.95754 3.61644 0.28757 4.82426 5.31254 7.91725 6.64438 5.1986 0.992575 2.24338 4.02864 6.24136 6.70987 5.67269 8.98471 8.04625 3.9599 5.67648 4.20787 1.75605 0.272838 3.6718 1.70857 4.79688 4.15526 1.14316 9.62518 6.11279 7.183 4.51258 
0.781347 1.14054 8.12902 1.06892 5.9648 3.44156 8.98617 2.60918 8.64016 9.97875 4.85257 2.6688 6.22011 1.56244 8.34149 5.20482 9.60868 2.30139 0.881301 3.81656 4.05744 1.15414 7.48836 5.76601 5.95102 1.64362 6.90917 5.57619 7.75641 4.09217 0.0887705 8.53776 5.23271 8.21779 9.60668 1.19752 1.65934 8.59285 3.8067 0.299502 8.57159 8.65927 2.9683 4.7917 0.221705 1.30979 9.99652 9.83039 3.61119 0.877818 
3.64695 7.66862 2.03196 1.1353 3.43464 7.98297 2.77892 0.343803 3.55916 0.535336 4.43597 3.64793 9.0731 9.66868 1.86572 8.67977 0.8662 3.52506 7.27262 4.6729 3.82457 5.84421 3.33217 6.79287 0.635912 3.55387 8.10266 0.632429 3.38426 1.71385 1.51025 7.03121 9.38247 3.54221 8.16651 2.81711 1.52518 0.945434 3.16091 5.08434 1.48077 7.59688 8.73228 0.553866 7.26557 0.597998 9.23364 8.13177 4.12306 6.50626 
2.80467 7.94763 2.35047 6.13683 4.7405 2.98639 9.69071 2.84316 3.61881 3.07496 4.55701 5.12906 0.106171 3.93948 8.67127 8.27268 6.75659 0.196445 9.21812 9.91751 5.28079 0.698885 7.51439 4.01306 1.25275 4.77996 4.61106 0.48639 2.91173 8.73412 6.99265 5.71639 6.68175 9.34312 1.85323 1.42225 2.32951 1.54393 4.26541 5.94832 4.6189 8.82242 1.07738 4.72507 2.7619 9.74865 2.99775 9.5185 9.9451 2.21587 
9.43601 5.22588 2.91475 6.9504 9.23895 4.1675 1.73036 3.85001 4.65389 4.64208 2.58413 1.64654 0.358477 9.26589 0.989663 2.21171 0.688135 3.31917 3.75564 4.95355 9.26749 8.37454 3.77597 0.344874 3.09961 6.53787 0.0935241 6.09736 6.05637 0.0386199 8.31323 5.49238 5.2645 1.22798 2.44277 4.50345 5.39549 4.17313 8.35346 0.0493794 8.81521 0.937589 1.69592 9.17369 0.203474 2.68558 1.38539 0.89161 6.00475 5.14103 
5.84516 5.27224 3.51557 9.62112 5.61712 6.61518 6.15899 5.71064 2.71254 2.21536 5.74926 1.02577 7.70774 1.01377 2.25375 0.15051 5.51721 7.64924 4.32364 3.87067 7.69862 3.13885 4.80826 9.39454 2.31253 5.01174 2.08012 3.69793 5.90334 8.08488 8.83896 1.7485 3.35712 2.35453 1.36962 8.97424 8.96971 7.52861 4.68488 1.68225 9.74398 0.434146 2.70803 7.45172 1.44791 4.96178 7.60223 6.96513 2.61102 1.92586 
0.835797 0.309635 5.06471 5.64406 9.70417 7.37725 0.655793 1.7843 1.07517 6.55914 9.86918 9.91413 8.30764 3.2263 2.26866 9.67726 2.20054 1.23838 7.20587 6.88542 2.92063 6.94985 7.31957 5.62866 4.40157 8.76748 0.590435 2.00379 5.73261 3.20145 3.92965 6.5684 3.51109 8.99437 2.21246 3.21526 6.37161 2.86825 4.99956 7.44678 9.42739 4.86873 7.36092 7.73503 8.09503 9.62958 7.41229 0.295571 0.867955 4.61816 
7.18099 3.78859 1.56801 4.50056 9.41724 5.96958 3.26804 0.00767693 7.97337 9.00065 3.20913 1.90303 5.56905 6.72021 0.897392 7.78152 9.93547 7.269 0.649769 4.93503 4.71579 0.0771607 9.80376 2.0767 7.81219 7.89879 1.70628 5.22448 8.19437 2.57423 9.84264 5.37536 6.36282 1.41065 9.87592 5.78006 7.38023 3.14397 5.78774 5.3536 2.14462 8.99687 7.25663 7.71367 5.71708 8.15402 5.49519 5.65256 5.42303 6.14496 
0.587587 0.138811 6.22212 0.391351 2.21551 4.03431 8.29015 3.92179 9.25878 6.48451 6.49603 9.10142 1.85987 2.85885 0.512077 1.73579 8.63891 7.89231 4.87976 4.42665 3.24591 7.02437 3.42352 0.502544 4.73805 9.1406 8.65657 0.233231 4.79315 4.07959 6.37819 5.38074 4.2184 2.6003 5.77209 6.43391 6.63461 4.06224 0.355706 5.89339 0.546747 6.85173 4.99481 2.40662 9.71058 5.50689 4.14241 8.34949 3.3992 9.02217 
2.77614 6.64511 6.04654 6.19965 7.14766 0.784585 5.34025 5.80422 1.01782 0.133406 9.88382 7.396 5.51415 4.10222 9.9963 1.28624 0.536133 6.63091 5.34848 0.891839 2.5243 5.89522 7.74357 7.51912 8.30184 7.45415 3.02601 2.44425 5.80364 6.42521 1.46641 8.57978 3.07032 7.51295 4.77943 0.217983 8.29754 0.119682 6.02221 9.31535 0.253088 5.90602 6.71135 5.76724 0.00824207 6.70766 7.05347 0.544375 3.33857 2.40195 
1.43621 5.86288 8.29717 9.17979 3.38199 6.59901 6.63394 6.408 9.04326 2.43758 2.83321 0.509667 1.01735 5.90354 8.02262 5.79678 6.12152 6.32015 5.91647 2.14373 5.6355 6.16955 8.04975 2.34686 1.93679 8.05799 9.05452 8.99026 8.60237 2.39309 1.39221 0.0385829 8.25596 9.68939 9.21837 1.63796 6.2884 5.8523 8.04596 5.33165 8.28988 0.879172 5.84132 9.30723 6.78271 3.86394 5.10402 2.90423 0.184091 1.02048 
5.04796 5.8196 7.19004 3.09771 8.16645 9.12683 1.15571 7.22097 8.11709 9.75807 9.61406 9.5093 9.79666 7.87003 9.19869 9.01503 9.50798 5.48708 4.86733 7.55394 0.818735 3.15721 8.43312 6.66005 2.46445 5.21583 0.523992 7.56846 8.12006 0.708083 8.58895 3.16802 6.52768 5.77898 6.26573 4.69413 4.90581 7.42143 1.91511 3.0229 7.17951 1.52917 2.5322 6.97616 9.3992 1.73089 5.99119 8.90718 7.21797 0.858521 
6.46113 8.0367 4.01573 4.89424 4.69676 6.48018 0.110069 5.22075 4.04864 8.23013 5.92883 2.63759 1.39814 2.45651 8.41657 7.66387 7.15065 3.32238 5.0853 9.06575 6.34528 2.26481 0.594924 8.87748 9.24097 9.99412 0.608362 5.23216 8.9013 7.82633 6.09068 5.36243 5.86303 0.106416 0.256669 0.559791 6.58659 0.366738 5.78054 0.635237 8.59686 1.70937 3.27283 9.995 4.16589 1.6894 7.65887 1.31653 5.01178 2.74417 
0.382287 1.35705 5.00898 0.977211 0.234531 4.24995 0.971331 0.842894 9.48211 9.87263 8.66922 5.57279 5.23506 4.53226 5.67921 5.49173 5.09205 2.2658 5.85846 0.872588 2.90104 4.45533 2.58196 6.17387 4.45033 6.74785 7.86326 2.1092 8.06438 2.87504 4.85337 8.44667 4.23209 9.86235 9.42388 4.46662 4.1123 0.39521 5.30952 3.59441 0.267842 3.97874 9.1672 5.5029 8.511 4.84641 0.994628 3.60305 7.11222 6.85309 
4.47564 0.0132573 1.30842 7.0576 6.18712 5.75875 3.80544 4.05038 7.86796 1.86983 6.92542 2.72133 0.316495 1.15752 2.58368 9.74037 5.62414 6.69598 0.135584 0.933659 0.290395 0.403427 4.9124 9.4576 5.90633 3.4234 4.30401 6.90096 7.02645 1.41623 3.75405 1.50208 1.42949 5.06247 8.55968 7.61661 0.821224 2.36512 1.66699 8.68918 4.23495 8.59242 1.41051 4.55145 9.74993 3.9942 4.29182 5.37407 0.690179 4.4274 
6.30773 0.980575 4.83083 1.22013 0.438174 0.737159 4.64353 4.74219 7.63811 1.66998 6.15842 1.39216 3.17206 7.5879 6.45464 1.73174 5.20451 7.27586 4.09687 6.87151 5.96504 8.33182 5.46393 7.37555 2.88326 5.21386 1.36975 7.17508 0.587931 2.05993 1.60248 6.89566 3.0405 6.43331 8.11579 3.47868 7.17047 2.75933 8.22086 4.80859 4.42931 4.37928 6.20075 7.60137 1.96719 2.65539 9.33311 7.1717 9.93125 3.42998 
4.04321 5.89629 1.76179 9.50714 3.27184 4.64505 4.72099 4.64159 1.82014 5.30892 6.70152 3.42262 2.20459 9.74202 9.85593 0.320382 3.2207 7.02641 3.07971 1.44156 1.835 7.50902 5.82084 8.03575 5.11039 7.78803 0.691138 4.4435 4.95973 0.622386 7.87347 9.00294 6.51868 9.63527 8.51007 9.79052 4.28032 3.23107 4.43211 6.10046 8.53999 1.13363 9.52308 0.744578 0.875648 9.37901 1.06496 4.09635 6.40542 4.14467 
5.53791 8.24041 1.65369 1.35875 6.27616 6.76407 9.14678 6.9673 1.20757 4.10651 7.58969 9.08104 3.10944 4.10836 8.71631 1.61952 3.89888 2.99663 4.85059 8.33099 9.09708 3.39058 9.46461 8.62016 4.13516 0.340263 7.99917 5.20012 4.43661 4.40458 9.34478 9.97451 2.645 0.998469 1.33326 8.92116 7.76254 0.48004 5.88846 8.97011 4.58655 3.47815 8.05115 7.69599 7.58651 6.76745 9.31551 1.48539 9.76408 4.16609 
9.81637 8.86116 7.55667 9.28099 7.48131 1.69183 9.62125 5.48048 6.89194 4.05786 9.88506 6.23672 4.03238 2.53006 7.23519 5.36564 1.45122 4.99773 5.84568 7.33968 3.96784 0.432225 0.817827 2.01899 8.12821 8.40433 8.78644 7.44372 9.88972 8.55051 1.60982 9.7061 7.41167 9.16649 8.98709 4.89298 0.858311 8.60834 0.373466 7.75025 2.6662 0.258531 3.98698 6.69857 2.78859 1.22217 2.06421 4.23981 6.2199 7.90989 
1.57949 0.187743 8.34212 2.39732 2.20673 6.47033 0.801656 0.993164 3.91405 0.691378 9.54368 5.52387 0.397475 6.95535 4.69035 9.38456 1.84833 5.54866 7.9929 2.2218 3.29892 0.659098 2.48033 7.28589 7.35767 5.26892 8.50806 9.42188 9.50873 4.72796 7.33178 1.08823 4.91571 5.67389 3.48555 7.12244 2.14422 4.2872 8.1156 6.05827 4.97858 7.65928 1.58214 5.37606 4.61462 6.2725 4.76062 6.46295 1.82116 2.75352 
8.68475 5.12008 3.41262 1.16508 2.40597 0.770289 6.434 0.914027 0.192173 5.94273 5.64199 7.52395 7.03096 0.557698 3.19784 0.516508 7.68013 5.34206 4.80371 5.79573 1.40033 9.78229 3.45501 2.98248 5.15835 8.06963 9.25497 9.91897 4.53259 1.07613 2.67249 3.21734 6.19621 6.0851 4.38242 8.60217 6.85539 0.816417 9.5162 7.04757 6.75915 5.15819 4.57151 3.79011 5.71589 7.76935 4.30662 3.39602 3.11141 9.11033 
9.19176 4.51175 8.89262 2.64676 7.49422 4.05098 0.716397 6.74919 3.96995 5.24898 7.82533 6.64243 8.46632 4.02153 2.72754 2.84874 2.62371 9.58293 3.66516 2.13991 6.63049 0.424307 7.2981 1.20201 4.21442 3.01399 8.97136 8.52104 6.41001 2.08278 7.63137 5.60176 6.59452 6.52399 8.24853 4.08875 0.574968 8.96493 0.83794 4.54491 4.21391 8.66327 1.18735 2.68023 2.6848 3.91488 5.52897 5.30851 3.49781 9.19413 
7.44841 0.128304 9.61843 4.74651 1.33031 3.83285 7.7605 0.301674 2.35388 4.17051 2.38445 9.98525 9.77227 8.97897 6.50924 8.0208 3.06772 7.08421 6.98573 3.90566 1.62912 1.19964 2.56893 2.81647 3.87987 5.25373 6.73135 9.40884 0.562232 0.22916 8.60296 8.01065 0.357464 8.22139 2.75716 1.68778 2.05424 0.517661 1.98945 4.40813 4.68817 4.3739 4.39338 4.46045 3.35287 0.902622 2.48125 6.42059 7.98683 9.46698 
0.32625 9.61596 0.666617 2.89518 2.43243 4.54649 8.1489 9.16378 3.95532 8.71113 9.39294 2.55829 6.72178 9.7504 0.779679 9.47894 1.43818 2.83392 9.9966 3.42763 7.24205 4.68477 7.80153 1.63543 9.14522 1.1544 2.53805 1.62647 7.57499 0.524885 1.09345 7.90125 0.140841 1.76006 0.79642 2.57327 6.30655 8.94532 1.73704 0.261872 7.65645 1.12998 2.82016 4.37823 0.880377 3.59984 3.85717 2.31855 6.43376 3.85378 
5.74618 3.67581 8.53855 3.54771 5.31124 7.68377 4.70211 7.84929 9.31024 2.27711 8.37417 0.403683 0.178355 8.51502 2.16375 0.974775 1.08828 8.4703 9.9201 2.82532 8.73217 7.57655 3.9553 1.55233 1.95478 4.83568 5.15216 5.81196 7.15423 1.58592 9.66573 2.90041 5.26173 8.20428 6.44812 0.572967 5.88805 1.15024 8.42226 5.19828 3.42735 6.79643 5.60197 3.6057 5.31144 7.76571 4.58048 6.39973 6.23601 4.50057 
9.22505 4.96818 2.07712 3.18035 6.52051 4.03191 8.01603 1.67267 9.84386 5.17026 3.25859 9.50959 8.07067 8.52032 7.71387 4.51879 9.09329 3.60192 5.66903 7.51554 8.8002 9.09638 4.31197 4.40217 2.70209 9.62342 2.16789 7.28256 6.02314 8.4039 1.78314 5.24819 3.37208 3.86026 8.42854 9.89258 7.89217 6.44457 1.56525 7.73603 1.61482 4.82384 7.24562 9.68549 3.34416 4.95949 4.20429 2.43745 8.56141 9.87332 
9.95299 7.36162 8.9697 4.26496 1.76379 1.67179 3.88838 3.93168 8.95435 9.91152 2.33557 0.73749 5.15971 5.70765 4.59775 3.58825 5.60023 2.48992 0.0328197 7.16548 0.225948 1.64764 1.98933 7.47157 1.33314 5.33348 2.43106 5.53743 7.77093 0.992475 5.41075 7.72392 8.35409 4.38045 1.98887 0.117881 6.05223 5.87725 4.04956 5.00659 5.78877 6.38513 5.74408 0.948478 2.09278 0.341828 4.53673 7.69301 2.83175 4.56955 
4.8585 3.0577 6.21719 6.84782 0.529265 7.55033 2.18131 2.96033 3.08776 9.95223 3.9528 8.4985 7.67615 2.30689 2.87895 9.66503 2.42477 8.93119 5.54228 6.47433 3.93777 1.33104 2.85946 9.68185 2.27952 4.95224 0.0236773 6.81625 2.64525 2.85543 1.3858 7.50374 5.91312 7.603 4.35157 6.44239 5.15333 6.53287 9.40271 8.24109 6.48511 3.35551 6.73959 4.16126 5.66241 9.61854 3.82628 8.08718 8.54973 9.36856 
4.56151 2.4875 0.699601 7.42097 2.16935 2.97912 2.37321 2.19303 9.79537 5.01846 5.04845 1.18118 2.52221 0.961575 8.78417 6.87377 7.40396 3.9375 3.40664 6.80667 2.17858 9.89175 0.162189 8.91817 4.05301 5.8246 8.53671 7.87929 3.91178 7.08644 7.24785 8.4733 9.57394 7.94745 5.89427 1.7433 0.926569 8.26748 3.93632 0.721944 3.28595 8.98478 1.90312 5.80815 9.94635 0.687289 2.68192 7.35031 4.62479 6.08857 
4.15699 6.80337 5.98032 4.31918 5.72154 0.0333222 0.143773 4.25826 7.91261 4.05555 1.3447 5.16045 2.52885 0.918645 3.1079 8.42312 2.66194 4.03447 6.6906 6.59826 4.75641 9.97655 5.58304 6.65953 5.7847 5.52939 7.34682 8.46663 2.8797 1.97161 4.55519 7.03669 8.77498 0.535511 1.35586 4.49652 0.568833 1.49964 8.75478 8.48144 5.55519 0.0994797 3.6419 8.08404 1.01812 6.7498 6.50716 3.68006 0.78427 3.19776 
0.278327 5.54068 3.17431 5.86137 2.20022 8.95901 1.39076 9.54704 7.42564 4.27046 1.51865 1.98083 1.30715 0.293628 2.51634 2.66301 4.79015 3.08517 4.16264 3.54493 1.56662 9.71783 3.64441 5.20852 7.80187 4.66253 1.95831 4.30903 8.3426 2.74258 7.50679 8.62092 8.28327 0.681104 4.48229 0.483486 9.64012 5.87305 0.0305258 7.06575 0.143505 1.54917 9.04658 1.45065 1.8428 1.56293 4.11366 6.63295 4.6481 8.2763 
0.17788 6.21472 7.99414 3.82229 1.42323 5.79601 8.48482 3.38155 0.105039 6.82742 6.12413 7.61183 5.44834 4.4074 8.29294 9.93064 4.89089 7.93305 5.80368 4.92141 4.99881 5.94719 6.47059 4.04539 7.39784 8.31339 5.60831 1.51149 4.94634 0.256415 9.7878 5.12422 6.47113 7.78193 8.94651 7.89437 3.57794 7.43133 1.27591 3.68298 4.25875 7.40005 1.29481 9.7071 1.80745 9.58775 9.63773 6.69833 7.5208 5.44142 
1.61975 2.51961 1.3886 8.09034 6.565 8.78644 6.40373 2.17331 0.297934 1.35007 2.42973 0.0857304 6.47429 8.90086 7.86766 5.4208 6.79523 1.4456 2.85213 8.07114 5.12858 7.11088 5.47119 6.42339 6.81798 7.27863 6.01114 6.45571 3.97697 3.53195 1.89713 5.59672 6.05156 3.28573 3.68705 2.61656 2.07217 0.0907761 4.78987 2.3701 1.44084 7.2196 2.45583 7.91513 6.12046 0.323497 3.33593 2.91569 1.7691 6.18806 
0.986827 6.89768 3.29894 6.45801 3.32107 0.116926 3.73665 9.33221 6.57264 7.71361 2.86416 8.46977 3.31033 8.91572 1.7555 6.99738 1.53227 3.82767 7.08816 6.32214 6.19777 8.529 3.54174 8.65361 6.44413 9.6622 8.9771 9.78006 2.57789 0.746203 5.96812 3.56471 7.64388 9.26707 0.0227268 0.964953 9.38399 3.75937 0.297167 5.95663 1.47299 3.16133 4.4264 4.78332 2.07704 6.1819 1.7807 3.60932 0.00956713 8.86886 
9.93146 6.20734 7.39786 3.4732 4.86095 3.84199 3.1354 3.83805 3.62205 5.71328 4.58426 9.59017 9.278 2.22814 8.85723 9.30072 3.19309 8.24122 3.0601 3.49026 4.19785 4.53309 6.65159 8.62425 9.3164 8.72863 4.80615 1.0971 2.33795 4.81572 9.96596 2.26941 1.02306 7.36382 5.7426 5.88401 1.2058 8.878 9.72206 4.82785 4.59128 4.30632 4.41802 3.86928 6.53445 3.27525 3.17 9.72754 1.51647 6.2301 
3.2178 5.71433 0.763186 9.86939 4.33858 0.0795897 8.59802 9.14473 1.17669 0.935964 3.96045 1.14265 3.20537 4.98351 8.50647 8.94797 0.867517 9.71227 7.82597 0.589577 4.54012 2.41726 4.89589 8.95813 6.28654 1.43034 2.23338 9.45654 1.15789 3.74985 5.68665 4.37569 9.46418 6.44983 4.24507 3.80276 6.52942 2.84309 2.94749 7.70611 3.77905 6.90794 8.84877 6.98442 1.89145 7.35523 5.9324 2.75897 7.0675 3.75837 
3.34854 1.60762 6.17563 8.24444 0.565758 2.46217 9.67478 2.79914 1.91871 0.832669 6.54899 7.60536 5.20836 6.01317 4.05519 9.45343 9.81593 0.584611 2.29652 2.76343 8.29072 6.07557 9.67137 7.13949 3.06 1.56282 4.49472 8.99239 4.32179 1.56223 2.75076 7.67033 3.16985 8.92639 5.91477 3.73561 1.38856 5.58955 6.53475 3.30728 6.42222 3.08374 0.912634 1.63057 9.09692 4.96782 1.084 8.91285 5.55243 3.38052 
1.67628 3.84316 9.4561 1.34765 0.982649 2.51609 2.91046 5.47737 1.50848 7.23225 7.0396 4.25925 4.90258 0.209454 3.18564 0.817345 3.94506 4.5742 6.40689 0.479816 7.88148 2.82911 3.56356 8.79411 4.45968 2.66048 3.76193 5.54369 1.57333 9.31437 8.92421 3.24961 3.15753 8.3803 4.59726 4.14018 0.896395 7.50772 9.61755 2.40488 4.73997 6.65715 6.66412 9.64255 6.86661 9.84976 0.459892 0.811671 4.42396 6.86678 
1.29149 2.30544 9.69589 4.85505 1.09955 4.15558 7.51553 4.86148 9.69926 9.08886 4.17585 8.62347 2.33847 7.33338 7.00378 6.93572 1.47356 7.90017 4.44344 1.09111 0.305051 9.18341 7.74826 6.96918 8.82596 4.61486 6.81894 9.28585 5.42654 1.2429 6.15263 6.71802 3.54834 5.84853 1.57307 4.64789 0.00410601 9.0886 9.50937 9.70337 8.17745 3.68523 8.32684 0.515924 1.01861 5.33062 7.45165 2.49216 3.23079 1.89509 
3.58327 3.53584 1.0785 1.33153 0.505019 9.90446 5.94639 7.32396 9.19031 1.37293 8.56686 5.34294 8.09095 2.1152 1.19147 9.66402 6.76309 1.19558 8.75261 6.27247 0.898948 6.93007 9.95769 9.22579 7.44599 0.976298 4.55641 4.89764 3.46846 7.7872 6.79273 7.05173 1.32305 7.87123 8.38325 1.82807 7.7757 4.32964 9.15202 6.966 5.70257 7.71888 2.30895 3.79351 9.83408 3.50042 3.45753 6.59718 4.696 2.21014 
2.86964 5.59494 9.14021 2.82733 4.82073 6.5862 3.80363 9.37715 1.48384 7.27209 7.16435 8.27658 4.32382 8.48739 6.14781 2.70707 0.31546 3.92351 7.03671 9.46748 0.889511 2.73928 7.18636 3.19846 6.5328 7.02045 6.69888 9.99033 3.61762 1.39488 2.20047 6.48727 6.98982 1.34069 9.3146 1.81056 7.92689 3.11823 1.1877 9.41074 0.390324 8.35205 7.68731 4.71414 6.83944 3.83512 7.42122 7.1549 7.75863 4.45793 
6.62239 8.64814 7.19721 3.80875 1.8466 3.73001 0.829198 8.54548 3.72034 4.44682 9.94035 5.92081 0.934087 6.93017 7.2615 0.248686 8.74073 5.18839 3.36692 9.92843 4.59913 3.75724 8.28048 2.28644 8.47139 5.11992 6.12156 5.8926 2.27483 3.88019 0.350534 8.89721 2.52833 7.54775 2.70596 4.37493 1.27776 3.53516 2.92041 4.9981 7.98198 2.86077 0.918911 8.91607 9.79094 8.18041 9.16476 8.53167 3.3688 2.53167 
8.4601 7.96793 6.28892 6.74058 0.254371 4.7603 1.8605 6.37593 0.652907 4.13533 0.256125 1.00344 3.03254 2.78446 8.55119 5.73851 7.15939 9.82895 9.27367 0.0798011 4.82704 7.25565 2.94057 5.74596 6.17172 2.73151 3.92637 5.33648 1.26318 7.29517 7.86815 9.72328 5.2631 4.15707 6.46386 5.51747 8.91737 8.32436 1.89341 9.57028 2.45969 2.14953 0.573717 5.49224 4.93399 9.1249 1.23074 2.09338 8.95385 0.504407 
2.17318 3.78089 7.76006 5.11375 9.52685 3.93178 7.84525 3.45322 9.26825 9.10843 0.748388 7.1364 8.83171 6.01149 1.29347 5.29557 1.52896 0.210835 3.61993 3.42237 9.78111 6.07963 5.5719 0.354828 1.57186 0.505891 9.47973 2.8026 2.59927 8.43358 3.30701 4.77245 2.21448 1.06706 9.8862 1.74133 4.99884 7.73145 5.19454 4.26709 6.83988 5.94293 1.40349 5.6716 1.95442 2.69696 0.967167 3.48338 2.90779 4.5871 
6.90575 2.6889 0.666728 2.47766 3.04373 2.23859 2.98355 2.52346 5.04119 5.58282 0.957045 8.3482 0.355268 3.17152 9.41527 0.241466 4.91285 4.41411 7.97292 0.107392 8.6812 4.8128 6.05032 0.0846868 0.484399 8.00474 2.78164 1.45157 1.48813 5.68943 6.03867 8.39388 8.37833 6.7054 0.871539 1.42206 8.94398 3.85509 3.94553 3.98518 9.4379 4.90257 2.33338 9.79317 8.07409 1.74864 0.0346381 2.98694 6.16275 8.00756 
3.09433 4.84394 2.82036 9.14465 4.92863 3.30476 7.1494 7.71027 4.75632 8.63753 3.39971 0.794991 7.03141 1.77804 7.50039 7.90295 3.20011 6.44437 1.75803 7.14563 0.429548 1.19594 2.0482 2.76292 0.98911 0.122294 4.51157 1.02375 3.10923 0.674315 9.0313 6.20357 5.51826 1.85166 5.34822 0.446891 5.15642 2.49762 8.15716 9.91274 1.13514 1.55687 0.707733 8.16655 3.33491 8.20812 6.0695 6.53502 4.65249 7.82753 
3.68065 5.08204 9.02347 5.72885 7.84496 0.0125782 5.85115 2.35653 1.03633 8.96038 3.03084 0.0676295 5.16395 8.5491 1.91929 0.512168 8.99599 7.07571 3.00979 7.15316 6.98845 4.14493 8.71003 7.69619 2.31148 2.04495 5.90431 8.38098 8.57997 0.556795 6.20851 2.26062 5.63883 5.23198 7.98947 3.48379 5.24456 3.84062 5.84032 6.28089 2.801 8.87117 6.34851 7.96494 7.42027 8.26781 8.47711 6.41626 5.34352 1.4869 
3.56942 2.33197 5.63183 2.27945 0.0281557 7.94331 4.3244 5.93246 6.32429 2.90436 6.48926 2.5328 5.16498 2.12809 7.76479 3.15445 5.61188 3.00935 6.99507 1.45221 9.29023 9.79606 0.323375 5.63875 7.761 7.74365 3.90655 6.23811 4.15991 9.25007 7.72501 7.72933 1.58204 3.35684 0.00878856 1.61019 1.30015 4.33319 7.54266 7.62444 7.23755 4.03191 0.157245 2.40253 6.16 7.92203 5.55698 1.77188 0.931377 2.55205 
