50 50
8.40188 3.94383 7.83099 7.9844 9.11647 1.97551 3.35223 7.6823 2.77775 5.5397 4.77397 6.28871 3.64784 5.13401 9.5223 9.16195 6.35712 7.17297 1.41603 6.06969 0.163006 2.42887 1.37232 8.04177 1.56679 4.00944 1.2979 1.08809 9.98925 2.18257 5.12932 8.39112 6.1264 2.96032 6.37552 5.24287 4.93583 9.72775 2.92517 7.71358 5.26745 7.69914 4.00229 8.91529 2.83315 3.52458 8.07725 9.19026 0.697553 9.49327 
5.25995 0.860558 1.92214 6.63227 8.90233 3.48893 0.641713 0.20023 4.57702 0.630958 2.3828 9.70634 9.02208 8.5092 2.66666 5.3976 3.75207 7.60249 5.12535 6.67724 5.31606 0.392803 4.37638 9.31835 9.3081 7.20952 2.84293 7.38534 6.39979 3.54049 6.87861 1.65974 4.40105 8.80075 8.29201 3.30337 2.28968 8.93372 3.5036 6.8667 9.56468 5.8864 6.57304 8.58676 4.3956 9.2397 3.98437 8.14767 6.84219 9.10972 
4.82491 2.15825 9.50252 9.20128 1.4766 8.81062 6.41081 4.31953 6.19596 2.81059 7.86002 3.07458 4.47034 2.26107 1.87533 2.76235 5.56444 4.16501 1.69607 9.06804 1.03171 1.26075 4.95444 7.60475 9.84752 9.35004 6.84445 3.83188 7.49771 3.68664 2.9416 2.32262 5.84489 2.44413 1.5239 7.32149 1.25475 7.9347 1.64102 7.45071 0.745298 9.50104 0.525293 5.21563 1.76211 2.40062 7.97798 7.32654 6.56564 9.67405 
6.39458 7.59735 0.934805 1.34902 5.2021 0.782321 0.699064 2.04655 4.6142 8.19677 5.73319 7.55581 0.519388 1.57807 9.99994 2.04329 8.89956 1.25468 9.97799 0.540576 8.7054 0.723288 0.0416161 9.23069 5.93892 1.80372 1.63131 3.9169 9.13027 8.19695 3.59095 5.52485 5.7943 4.52576 6.87387 0.996401 5.30808 7.57294 3.04295 9.92228 5.76971 8.77614 7.47809 6.2891 0.354209 7.47803 8.33239 9.25377 8.73271 8.31038 
9.79434 7.43811 9.03366 9.83596 6.6688 4.97259 1.63968 8.30012 8.88949 0.769947 6.49707 2.48044 6.2948 2.29137 7.0062 3.16867 3.28777 2.31428 0.74161 6.33072 2.23656 6.51132 5.10686 9.71466 2.80042 5.46107 7.19269 1.13281 4.71483 5.9254 9.44318 4.50918 3.36351 8.47684 4.34513 0.0323146 3.44943 5.98481 8.33243 2.33892 6.75476 4.8295 4.81936 3.04956 7.12087 1.82556 6.21823 0.408643 4.13984 6.95984 
6.73936 6.3764 3.47116 1.84622 6.09106 6.27158 7.30729 3.28374 7.40438 2.02213 9.20914 6.84757 6.5313 2.57265 5.32441 0.876436 2.60497 8.77384 6.86125 0.937402 1.11276 3.61601 5.76691 5.93211 6.66557 2.88778 7.75767 2.88379 3.29642 1.89751 9.84363 0.0357857 8.27391 3.31479 1.88201 4.36497 9.58637 9.1893 7.64871 6.99075 1.21143 6.85786 3.83832 7.74273 9.43051 9.16273 8.61917 2.03548 7.93657 5.48042 
2.97288 9.04932 9.09643 8.73979 4.98144 5.762 1.62757 2.73911 8.64579 4.92399 4.63662 8.48942 4.95977 2.91053 1.80421 6.84178 7.2755 1.39058 6.03109 4.92422 8.38134 7.24252 1.78208 2.21966 4.98525 1.21259 1.38238 3.60443 3.24807 9.31895 9.08485 6.22095 8.36828 8.18128 4.96074 3.34972 3.94327 6.58831 6.08883 2.58906 1.5123 0.72545 1.07848 6.47207 3.63598 2.8827 3.31386 0.911486 4.27328 9.34495 
5.8357 2.65461 6.58747 7.61778 4.87427 1.57272 8.83037 6.25665 5.17715 2.07844 5.57561 4.26199 8.29939 3.94388 2.44327 3.26013 7.2936 6.38654 9.84845 3.38243 8.9756 1.36075 4.10788 0.0540855 7.83282 7.74386 2.93678 1.14668 8.65535 7.21006 0.491625 4.49105 9.86467 7.07909 2.10883 4.73894 8.65181 0.939195 0.995593 3.82896 3.01763 6.5712 8.09095 1.31702 0.515083 0.534223 4.57716 7.80868 6.92076 4.4256 
1.19111 5.89637 5.78635 5.29899 5.95045 3.61917 3.04285 8.88723 4.76585 1.6982 6.09729 5.25747 6.18925 5.96196 2.33656 8.29808 0.700902 0.988374 9.23728 1.6965 4.81733 2.25491 8.26769 2.90829 3.57193 8.78278 3.44251 8.14909 6.59146 0.363274 2.57469 7.78257 6.25964 8.36104 3.08157 2.21009 1.98021 6.12442 1.09733 6.74605 7.82262 7.19462 2.00352 4.01188 3.15658 4.34009 2.30996 3.85748 5.32846 1.54724 
5.55398 0.145793 3.80215 3.82167 3.05408 7.37408 2.60445 6.49659 5.52316 9.19591 6.85986 8.09785 6.97848 3.1195 6.45889 0.0600477 5.3296 8.4391 6.18447 6.42693 5.18515 4.00709 3.62154 7.18867 8.01897 6.77812 1.52876 0.328927 0.635606 6.85722 1.87616 6.18958 7.00301 5.67831 0.0112548 0.0570914 3.05239 2.6157 6.55368 8.57555 1.81161 3.41354 6.67341 8.79009 6.53305 3.1323 8.85014 1.86265 1.57139 5.03461 
8.28957 6.75654 9.0417 1.91112 3.94521 7.06067 8.68924 5.47397 7.38959 9.32485 2.33119 9.26576 5.51443 9.3342 4.94407 5.52568 9.39129 7.99646 8.14139 5.94497 6.57201 9.953 9.35852 3.24541 8.74309 5.89157 6.37771 7.59324 7.75421 7.9491 2.62785 6.04379 4.70564 1.66955 7.9549 8.65086 8.73021 6.64414 4.12483 6.11981 5.96899 6.45601 5.38557 1.48342 5.79022 0.329634 7.0091 5.18151 8.32609 5.15049 
1.12648 4.8981 5.10349 0.484997 8.14351 3.84658 6.37656 4.52122 1.43982 4.13078 2.47033 4.06767 0.174566 7.17597 5.73721 8.12947 5.82682 4.46743 4.77361 9.95165 0.587232 0.742604 6.40766 5.9728 2.22602 2.19788 6.30243 9.23513 7.37939 4.62852 4.38562 8.50586 9.52662 9.48911 8.99086 7.67014 3.33569 5.36742 2.19136 4.77551 9.4982 4.66169 8.84318 9.67277 1.83765 4.58039 7.80224 7.66448 9.04782 2.57585 
7.61612 9.63505 3.31846 4.02379 5.60785 5.54448 6.22167 1.91028 4.77961 3.60105 6.5388 9.16523 2.10692 6.06542 8.65434 1.09778 3.73556 1.99003 6.4652 5.92692 6.76554 5.96341 0.588605 5.60872 5.63617 2.42626 0.189108 3.43841 0.0907344 9.23692 6.01427 7.70686 8.87197 9.33273 1.73065 4.47982 4.87721 7.95231 6.39009 9.65682 1.55336 2.92889 8.82204 3.66028 8.99431 7.47638 4.75806 2.72987 9.4664 1.22326 
8.65679 6.23194 7.18666 9.2454 1.84066 2.82284 1.67165 2.02977 6.26125 1.76239 1.26669 2.27552 9.46925 0.138663 1.60824 1.19989 4.61848 6.48545 9.15221 1.00857 6.14227 0.70557 3.93746 4.96431 4.36585 2.93177 2.44069 9.12391 5.66164 1.90709 0.347164 4.31844 8.13904 7.53383 3.56383 9.9797 0.356664 5.23548 2.00947 6.61792 6.99787 3.27616 8.89343 6.46712 3.41482 0.501679 7.66701 8.0333 6.98713 6.81922 
9.04187 3.1294 7.52479 2.97933 8.09371 1.89064 5.91111 0.534394 1.01454 1.57275 2.44149 1.36171 5.89119 0.580523 8.89553 9.45502 0.560222 9.2522 4.6905 2.56969 5.87011 1.68837 5.84585 4.76355 8.15549 9.26068 5.26523 5.8225 7.29398 2.25236 2.64172 6.33585 5.38175 0.166506 9.31518 3.47546 2.05714 5.22629 4.00985 3.07168 6.79904 6.45134 4.43339 2.69022 7.03186 3.32892 2.14524 7.59208 2.58112 6.83574 
0.161775 8.45123 8.52411 6.00763 3.21478 6.6796 5.2683 8.48 2.5021 2.56228 0.732357 5.14382 8.89813 6.11411 5.31033 8.21331 9.58957 7.36747 3.43959 3.59942 0.439153 0.238632 0.050762 4.87254 2.92886 7.08262 8.20146 5.0741 4.67471 0.782579 1.90984 4.83648 9.23381 0.433947 0.84411 2.44858 7.11355 6.11241 0.928584 9.61565 8.67469 1.66094 4.75947 7.57282 7.77505 0.0698012 5.78613 7.36462 7.43727 9.22572 
0.964041 7.87642 9.46435 1.0148 2.74897 2.39321 8.09743 0.950427 7.4673 2.77214 1.73301 9.37714 7.60862 0.966814 9.81109 8.45273 3.4154 6.92463 4.56514 4.34398 6.54029 3.23983 6.00492 1.29976 0.81265 3.77997 1.36956 6.59878 1.14459 8.80683 5.8245 2.10863 6.68326 5.28885 3.12343 9.43222 7.68206 1.22086 0.382648 5.14936 3.993 2.11565 4.5265 1.60162 3.08247 4.33758 0.0543489 6.49787 1.26222 4.61949 
0.841846 7.80251 7.85932 6.84677 9.10227 8.67197 0.626739 0.471826 5.27075 1.77133 9.27866 1.09525 3.87996 5.96191 6.38409 7.0034 5.39413 4.06615 8.22426 5.77678 9.21551 2.21726 7.89244 3.74201 3.81888 0.974906 8.07959 3.87323 7.47277 9.34181 8.49272 8.31462 7.14432 6.35204 5.16139 6.24658 5.02401 5.78813 6.71841 0.294762 7.55946 5.99707 1.39001 1.43942 1.95898 7.7741 8.44281 7.35311 1.84025 6.66707 
3.1299 1.05576 8.88433 1.02233 4.79777 2.70321 1.99724 2.87736 6.57643 9.47001 2.21918 5.06915 7.78463 9.36349 1.42119 2.94601 5.61007 6.4452 8.73414 2.32848 6.73996 6.29359 8.32555 8.12997 7.73301 0.284525 5.90407 6.17582 7.63764 7.74432 2.84289 0.767534 8.80009 1.72722 1.78987 3.59786 4.43043 3.7871 6.47522 1.00686 3.25711 8.6944 6.076 1.04174 8.05789 7.49719 3.98775 3.66796 3.94239 2.72189 
5.99644 0.682348 9.01549 4.32199 8.81232 6.7485 4.60652 4.71639 2.92432 2.24415 2.46071 5.76721 3.01169 1.2608 7.49443 4.80156 4.85866 1.92486 8.58866 1.33388 2.93171 1.84577 0.0282779 9.00772 2.88752 8.08617 6.50491 6.87527 1.75413 0.447295 9.59716 7.75058 1.12964 8.61265 2.07257 9.94196 5.36115 6.67908 4.65835 8.28546 8.92324 7.11906 4.05267 1.93493 8.37986 1.54711 6.73648 3.23852 3.47196 5.32514 
4.5724 6.40368 7.17092 4.60067 5.4114 0.0584319 2.68684 1.9163 6.9337 4.44097 2.3636 6.53087 2.19155 3.49324 5.14352 4.26412 3.4352 0.504663 0.943199 8.09355 8.79013 9.86644 5.21261 2.8428 1.80136 3.59247 4.3899 8.53785 6.83098 7.86187 3.86299 1.40338 4.26555 1.0339 6.00405 9.67694 1.09233 8.6909 1.59324 8.02604 3.13187 3.95684 4.5569 5.32342 7.45008 9.70042 9.58753 0.885283 0.205084 0.530733 
8.97883 8.99521 0.39717 4.19144 1.83801 2.19853 7.78391 6.22791 0.736379 4.61489 4.08978 4.59937 6.01827 8.35533 5.63327 2.02232 8.03227 6.7256 0.71322 9.62551 4.75164 3.84509 3.58235 9.30854 9.16851 1.03244 9.00896 8.75604 1.91772 9.21405 9.28678 0.89655 8.20926 9.68395 5.08799 0.0472651 1.88248 2.87189 6.27518 2.61886 7.48678 0.364959 7.21822 3.50505 8.72028 2.85149 5.52738 6.75255 9.57709 6.2406 
6.37806 4.32873 0.0856861 9.96042 3.63727 9.2542 0.992851 2.64624 8.01024 2.91057 1.86029 7.29702 3.80712 0.0695418 6.98096 8.89511 0.116807 8.86344 1.767 6.39199 1.4823 9.25379 6.75694 8.70053 2.75884 5.47723 1.55202 8.28622 2.22978 1.12911 4.52681 8.60784 5.45784 4.6125 8.56826 9.09512 3.86669 9.56111 1.74136 1.87693 2.47168 3.60164 9.17395 6.2788 3.67118 6.15491 5.17391 3.78799 5.01835 6.94091 
0.179977 6.50066 6.1947 6.93692 5.20118 8.95354 2.41415 6.7532 7.23975 4.64393 7.88231 1.76656 3.25177 3.34016 6.37906 1.82003 2.43528 0.245755 1.38114 4.17663 2.12269 3.85282 7.77828 1.29663 0.131615 1.44946 7.45154 5.30552 5.23745 2.4699 2.24643 5.41743 8.97055 8.44113 2.35435 4.17174 7.39467 4.7685 0.924937 4.63442 9.41243 8.80725 6.40098 2.6642 2.14741 2.78005 4.48423 4.58269 3.0258 5.86537 
8.75932 5.14849 9.71818 6.5376 6.44512 9.8498 7.98706 3.89667 5.15532 3.22451 6.36656 7.40175 8.64194 5.33712 5.84288 0.996293 9.50885 3.23755 5.76479 0.43379 7.87197 5.17722 9.24104 4.27295 7.84142 1.38845 7.053 2.32565 5.97114 0.0788008 8.19102 4.73045 5.22729 7.9092 1.26805 1.67241 7.75899 9.25511 5.56908 2.91431 2.47962 1.93564 0.316064 1.12157 7.27276 6.15894 2.11786 6.78161 9.39649 7.88265 
7.2154 7.26846 3.05987 6.45644 1.54141 0.901297 7.84489 8.59441 3.22695 3.81603 8.67321 1.41796 8.54648 3.9005 9.32716 9.81453 5.57291 7.08616 9.06964 1.14199 0.000468777 1.54927 3.07763 0.316532 2.67083 0.350389 6.47548 4.78869 7.132 5.87197 2.67134 4.3474 3.14043 5.73122 0.80384 4.68185 6.63252 8.64873 3.27626 9.85946 2.46476 1.94948 1.27743 1.01124 5.84998 0.604589 0.82577 1.42289 7.69074 9.89541 
2.56489 7.69121 1.44468 5.64252 8.00775 4.11551 5.99291 4.48322 8.9042 3.12491 0.355193 1.57555 7.47231 3.49562 7.30677 8.27615 8.17747 3.93928 6.92488 1.45373 3.79874 9.38963 3.40321 5.07617 0.400871 9.25318 5.68076 1.22664 0.676078 3.3715 1.12205 3.24096 1.06272 2.56673 8.88348 9.07046 6.68224 4.87639 3.55369 5.58645 8.00129 3.90888 7.16199 5.4736 7.40451 4.46876 3.74975 5.58198 8.40804 0.674623 
7.03571 2.20679 0.064256 0.438913 7.28296 0.465127 9.6921 2.96372 1.69177 0.368176 6.33522 2.81382 3.60914 7.39794 5.38055 2.49262 6.4684 2.0628 7.36901 0.0220922 7.64925 5.3703 3.93097 4.81124 0.843902 1.33548 9.28 4.59365 6.91745 7.68804 5.26827 3.95316 9.89483 5.33253 4.39207 7.17778 5.79765 4.08417 0.141502 7.48942 4.45235 6.47672 0.30324 8.06149 3.87466 5.68379 0.554106 0.343068 7.74659 7.92311 
0.36516 5.39584 3.29342 4.29613 0.207081 4.13732 5.63161 9.48708 8.73097 2.54906 7.17512 3.99924 6.50222 7.06995 9.33176 0.894297 4.24774 5.12941 4.97847 4.38924 2.61883 9.43081 0.865962 2.92207 7.4923 4.74063 8.60587 8.04641 5.08369 6.35246 5.96952 5.44885 1.7483 9.26294 9.74499 1.95538 3.40026 5.3766 1.44246 2.13122 7.92566 8.61759 6.13046 4.42789 5.68754 5.46222 5.32218 9.93528 0.591633 0.300651 
4.32452 3.21047 9.73147 5.19048 6.13254 7.22377 9.9311 4.73841 5.27017 5.0148 1.09087 1.23969 0.463652 2.83917 0.502633 0.208639 4.79455 3.90289 5.58524 6.23701 6.03411 3.5109 4.8546 2.16457 7.93879 0.54214 7.62679 3.26097 0.477418 8.21842 3.56162 4.80193 1.42889 3.29309 9.99241 7.56143 0.516852 9.92352 2.29984 5.78702 4.93831 3.39071 7.02672 5.40197 6.22988 7.52935 5.6106 1.02443 1.43224 1.19584 
7.26144 7.46635 4.70674 2.11604 9.63092 2.64553 2.65818 7.25771 5.90649 3.1356 5.47613 9.46811 7.93753 6.90502 2.7612 7.92995 4.46645 3.27805 7.85346 6.76628 9.06508 2.79178 0.156992 6.09179 8.19374 6.38687 3.62115 3.80434 7.4113 5.05339 5.00019 4.67274 2.51974 9.70693 6.78878 2.15066 2.35245 9.44697 9.40837 8.25895 2.58257 4.8845 7.72706 0.520103 1.78952 0.488258 8.45005 6.25596 3.76631 6.30351 
3.02225 2.83138 9.09529 3.17924 8.92318 7.28903 9.56611 2.54432 1.09337 6.97741 7.59771 6.09356 1.65015 0.117453 5.80048 8.43894 2.26811 8.15294 7.8859 1.67648 6.41188 0.468473 6.56098 4.13894 0.988576 8.3505 4.6272 9.43863 4.60646 8.39351 5.74214 7.62871 1.22489 4.83742 0.807953 0.148069 2.12645 0.374063 2.69239 3.21982 7.35147 0.290106 9.31338 9.00163 0.407559 5.11386 7.44056 2.67567 3.2668 5.32647 
4.35216 9.67868 5.79494 0.913142 3.81762 6.78351 9.26364 8.44482 6.22214 3.87011 6.83833 1.96428 1.49882 8.06322 6.8017 2.30677 8.21129 8.92815 2.68084 0.903681 2.14797 0.0323105 1.19379 1.46135 9.03394 1.60135 6.57522 6.4745 4.27702 9.84202 1.80096 8.62918 9.5207 7.5959 9.54232 3.33832 4.37942 8.80596 1.78314 0.601557 2.67607 8.62147 2.56583 4.17489 6.68469 9.36754 6.48167 4.89597 8.29569 9.1625 
5.79965 0.443661 9.19481 6.99344 1.90501 8.22875 8.59479 8.48023 4.70325 2.87181 8.32225 6.50421 1.50099 7.84295 4.10011 1.04331 1.18126 8.47953 9.84927 2.9644 9.08109 2.52535 1.58587 1.64692 6.70024 8.27056 1.01446 3.18191 3.16653 9.31014 2.34441 8.96618 9.7538 1.53923 5.95963 1.65882 9.76798 4.55442 0.139049 4.47123 7.42623 8.4613 0.975437 8.92721 6.30424 5.07555 9.97052 7.48551 3.55508 9.8198 
0.44991 2.63617 2.34514 2.03578 4.28309 9.04539 0.306337 5.29754 2.22729 3.47287 4.60768 4.57171 2.43905 4.36149 6.11093 8.39868 6.0203 5.87891 2.95309 6.15935 0.350138 0.37932 4.62065 1.32558 9.30653 0.924893 6.40113 9.27706 8.4104 9.9562 9.09686 8.86031 2.59237 1.442 0.89609 6.87546 0.487385 1.20243 2.173 2.71468 4.67529 6.78068 7.28638 7.11434 1.14216 3.39732 5.51302 7.16247 9.27623 8.46611 
3.32182 9.62637 8.84543 7.94247 0.951945 8.15197 8.86736 7.35307 7.42903 7.27776 7.30928 6.52588 6.13807 9.90165 7.96788 7.03416 6.7771 8.45527 8.23659 8.9501 1.16995 2.91188 5.73077 8.45633 0.0262258 6.87294 1.85365 5.53925 4.03541 1.12988 4.00536 7.35723 0.756249 2.8508 5.2997 1.70819 1.00276 4.16706 9.06126 8.43179 1.44482 6.37054 4.95767 7.5829 6.27219 2.92555 4.61706 3.04929 1.38082 2.85365 
1.99938 2.55076 5.76553 7.73016 1.00709 5.79176 4.60309 2.86074 1.331 8.6385 3.99062 5.33636 5.99573 4.74687 8.18716 1.29542 6.45506 9.18992 5.46248 5.51633 7.62171 6.90731 1.88687 2.57939 4.4902 8.15905 5.50494 9.10726 1.20834 6.88576 1.96091 3.20772 9.43652 7.72644 0.937877 0.443619 3.51819 5.54097 3.30436 4.84919 4.17947 7.29499 0.185558 0.175198 2.04186 8.37272 1.47062 8.49692 7.56264 6.93311 
4.01325 5.18436 3.84041 5.90012 7.76374 8.33062 4.05917 3.26868 7.43788 5.26751 0.154439 9.39879 8.47523 9.59096 7.12522 9.41311 0.0345808 0.643416 4.95408 3.33894 5.49261 9.13355 0.633928 5.67817 9.30875 2.67578 4.05089 0.779371 1.17271 1.61353 7.71248 5.18596 6.79788 1.55289 1.08608 4.56162 9.88351 5.14525 7.83031 7.32138 0.41276 7.98474 6.72017 8.88799 7.57571 3.84539 8.3011 7.61029 4.48881 3.25518 
0.94923 9.98142 2.38873 1.58316 5.65959 1.69748 4.25894 9.71047 2.47685 5.43165 1.324 0.189329 0.617606 8.12189 1.74222 1.70368 2.68351 1.62572 6.84893 0.513816 8.94711 7.26169 8.49856 5.66728 6.14968 6.07427 9.51267 4.45079 3.68455 4.00148 7.70597 4.63378 3.9829 0.0947013 6.21694 9.64248 1.79218 0.475882 9.35296 4.26904 5.90753 0.67696 4.45836 6.52514 8.79885 6.20058 8.22882 1.48236 7.82631 5.07775 
1.99617 6.77342 2.33944 0.494732 2.44069 8.48912 6.569 1.95336 2.93991 0.253549 5.95484 0.645876 4.88733 9.93774 0.740577 1.10427 9.58022 2.53276 1.58015 8.93318 6.8018 7.48768 9.61014 1.26016 4.01282 8.40899 7.46075 2.24164 9.89134 5.28705 7.31938 1.88752 2.06047 9.65882 2.38225 4.50117 8.14794 8.95125 6.45453 1.08785 9.2048 2.40937 1.73373 4.09213 2.34711 2.47431 5.1964 1.92734 5.00707 6.77655 
0.860517 1.80886 4.26423 0.470658 3.06902 8.27705 8.87965 0.529768 0.518689 8.77099 5.81682 7.83807 0.658506 7.87729 7.4969 3.04075 2.37846 5.64484 1.992 8.83299 6.73269 1.19679 1.24236 8.46642 5.28892 3.58948 0.940727 0.485317 5.51681 5.94779 7.26187 6.37733 7.75665 1.5261 6.84799 0.825677 9.80315 5.72763 1.35545 0.321839 4.49862 7.17227 8.15991 5.15713 5.04956 5.65681 8.19788 7.42802 1.30165 0.189879 
6.26101 8.03434 1.38667 7.50337 6.50077 6.67559 1.09285 7.44149 7.16091 6.60966 3.38929 4.42278 2.98698 1.14594 5.94888 9.83497 1.97162 5.75203 5.5626 3.32706 6.07387 0.0612195 0.499329 4.23378 5.21834 5.54889 9.89059 3.41622 2.97691 1.19224 3.6061 9.23792 9.22658 4.99278 6.74129 5.72735 1.66837 7.83413 3.16884 8.82928 4.44379 6.55813 3.25206 7.43078 7.70407 9.20094 7.26575 9.67568 4.95297 2.82835 
3.00275 1.02683 2.88957 3.50207 5.26061 8.10791 9.05096 5.1512 1.52413 2.02787 6.34344 5.13024 1.26579 5.57002 0.123013 8.00708 1.29737 1.79138 5.84121 4.46622 0.620666 0.285004 1.02434 3.87273 7.71578 8.72841 3.07366 4.98153 8.40409 8.02663 7.80987 1.40684 9.05346 0.699438 4.90892 4.31407 8.80735 3.95988 9.46527 0.331482 5.98775 5.80872 5.46172 7.25354 1.37874 5.58473 5.26062 2.67611 7.37611 1.10183 
7.14233 7.99678 1.38684 8.16667 1.86951 9.10262 6.89509 4.94317 4.08414 5.29918 2.9698 1.89401 6.70602 2.02326 2.59345 1.61494 6.33734 1.4008 5.57481 5.80261 1.73228 1.56257 1.61133 7.194 8.81611 2.99007 2.77873 4.07673 5.66618 0.154844 5.17856 2.80851 8.15162 6.5654 0.975185 0.0211305 5.66801 7.87027 4.9643 9.75215 3.16945 7.9341 1.64617 9.87547 9.95737 4.23962 1.49041 6.29471 5.64042 7.06522 
2.09732 7.3727 8.62779 3.70865 4.5667 7.4439 6.69871 7.34543 1.52062 2.3649 7.50027 6.69918 5.17341 5.65189 3.26458 6.14859 5.67302 8.93259 4.01886 0.637327 8.68474 7.18831 8.57143 0.330907 7.06378 8.5288 4.57052 8.55419 4.8235 0.21094 5.61941 6.92082 7.58364 4.2472 0.629468 2.15033 1.69109 7.32818 9.49576 3.21172 9.69308 6.99603 9.9109 4.86648 2.64793 3.17548 1.01507 8.32095 2.10806 5.03394 
8.95828 0.792805 2.22225 7.52971 1.12371 9.28603 6.0585 5.69424 7.84022 0.882007 5.90518 3.45963 7.80283 3.48881 7.70682 8.4323 5.63915 9.39791 5.76048 5.13491 2.60963 5.45356 2.13094 2.52053 0.320041 4.77887 5.696 1.33512 3.09982 7.80407 6.36905 2.05809 8.59687 8.5913 9.5878 9.72059 7.87733 5.6463 5.41482 5.71755 6.52831 1.32 9.17717 4.33114 4.80881 6.88399 2.76344 0.447959 6.28191 8.52391 
5.58287 8.89154 3.97747 7.71381 1.41207 4.29751 2.49267 7.10807 5.63263 5.59249 4.91214 2.00168 7.65058 3.50901 0.592977 7.23838 3.2296 8.47031 2.88468 8.64442 4.18785 9.41299 9.96442 3.36502 3.74413 4.77323 0.249018 6.50757 5.22119 6.53093 5.03148 0.804055 5.42247 9.00895 8.51786 6.83453 3.30647 1.01054 3.9426 8.93909 6.60302 8.85474 0.940773 4.25361 2.36375 1.53375 1.49199 5.59335 0.00405591 4.37667 
4.23777 4.19191 3.78966 4.20218 7.55693 7.53379 8.97541 7.80595 4.04136 4.1966 4.33687 9.07284 5.00065 9.75934 8.08179 3.51851 6.59387 1.38826 4.52905 0.536473 0.327351 1.13207 9.39121 1.26812 5.38568 1.75496 2.80188 6.87766 7.34831 2.80593 1.25433 1.58607 6.99784 5.04399 5.78825 4.55477 2.57778 4.76366 2.36071 6.61914 8.96026 6.69759 5.69198 3.96091 6.45693 3.77377 7.47942 3.0508 5.16203 2.00847 
3.58727 5.48938 3.14054 2.97849 6.7575 8.52622 4.73345 9.55938 5.40389 2.08175 2.36531 6.65822 3.66783 9.36315 1.70221 9.45608 3.91792 4.27999 4.21975 6.27863 0.899137 3.18 2.97622 6.59112 7.14091 9.43315 0.364889 4.62033 2.48395 5.52692 6.6288 6.07122 1.0163 9.76935 9.04971 7.7738 8.29557 3.78316 7.33318 3.69946 5.86491 9.69849 0.357674 9.53274 9.06164 2.05989 8.98882 2.97956 6.33988 3.20857 
9.25819 7.23902 6.38857 2.23441 3.83013 3.52948 1.66755 4.19502 8.14982 4.1515 9.72194 4.77862 0.222729 0.738238 4.54797 9.27244 8.51204 2.84354 3.0556 5.84522 6.54299 8.92051 5.54371 6.90067 8.45325 4.60535 8.96055 7.44207 7.58491 5.30043 0.650635 6.8431 2.53945 7.03921 9.0775 6.36959 0.56869 0.745054 0.564608 8.71851 4.89656 0.286548 3.49713 5.11929 1.02479 8.0451 4.39173 9.53683 0.888636 7.44732 
